 -9.99
  best index: long version
  http://www.esrl.noaa.gov/psd/data/climateindices/list/
  	1871 2003
 1871  0.39 -0.29  0.52 -0.17 -0.23 -0.46 -0.47 -0.40 -0.33 -0.12 -0.12 -0.70
 1872 -1.51 -0.95 -0.99 -0.37 -1.06 -1.19 -1.16 -1.06 -2.06 -1.43 -1.90 -1.68
 1873 -1.44 -1.18 -1.52 -1.32 -0.99  0.70  0.22 -0.01  0.86  0.38 -0.20 -0.91
 1874 -0.84 -0.50 -0.75 -1.07 -1.24  0.10 -0.58 -1.09 -1.62 -1.75 -0.94 -1.12
 1875 -0.62 -0.17  0.01 -1.16 -1.18 -1.45 -0.30 -0.49 -0.92 -0.91  0.45 -0.08
 1876 -0.96 -1.22 -0.72 -1.25 -1.17 -0.95  0.13 -0.59 -0.37  0.54  0.33  0.37
 1877  0.60  1.00  0.83  1.95  1.67  2.42  1.77  1.62  2.09  1.95  1.75  2.02
 1878  1.72  2.57  1.69  1.26  0.81  1.11 -0.37 -0.58 -0.91 -0.75 -1.02 -1.20
 1879 -0.81 -0.79 -0.65 -0.80 -0.61 -1.13 -1.47 -1.49 -1.31 -1.26 -0.94 -0.14
 1880 -0.98 -0.79 -0.97 -0.69 -1.09 -0.76 -0.36 -0.74 -0.26 -0.15 -0.22  0.30
 1881  0.55  0.48  0.25  0.28  0.57  0.57  0.18  0.52  0.50  0.97 -0.52 -0.46
 1882  0.12 -0.20 -0.50  0.20  0.02  0.33  0.70  1.01  0.41 -0.15 -0.57 -0.81
 1883 -0.41 -0.65  0.91 -0.71 -0.93 -0.18  0.62 -0.03  0.36 -0.40 -0.17  0.80
 1884  0.58  0.30 -0.32  0.91  0.39 -0.35  0.53  0.45  0.55  0.00  0.31  0.92
 1885  0.86  0.14 -0.04  0.02  0.46  0.88  0.45  0.78  0.66  1.34  1.19  0.36
 1886  0.23 -0.06 -0.10 -0.40 -0.85 -0.84 -0.96 -1.34 -1.33 -1.28 -1.11 -1.37
 1887 -0.84 -1.10 -1.17 -1.28 -0.55 -0.56 -0.53 -0.59 -0.35 -0.30  0.35 -0.09
 1888  0.24  0.56  0.89  1.38  1.11  1.17  1.39  1.19  0.93  1.61  1.86  1.09
 1889  2.30  0.99  1.89  0.46  0.52 -0.66 -0.52 -0.74 -1.02 -0.91 -1.46 -1.67
 1890 -2.21 -1.80 -1.34 -1.15 -0.89 -0.82 -0.47 -0.82 -1.20 -0.82 -0.62 -0.28
 1891 -0.88  0.09  0.46 -0.04  0.07  0.43  0.53  0.60  0.55 -0.03  0.29  0.34
 1892 -0.32  0.36 -0.81 -0.82 -1.22 -1.16 -0.70 -0.66 -0.64 -1.30 -0.39 -0.69
 1893 -1.00 -1.02 -0.96 -1.54 -1.92 -1.68 -1.78 -1.21 -1.35 -1.10 -1.07 -0.24
 1894 -1.47 -1.18 -1.04 -1.10 -0.30 -0.65 -0.77  0.05 -0.55 -0.62 -0.02 -0.22
 1895 -0.58 -0.60 -0.15 -0.54 -0.26  0.32  0.31  0.74  0.63  0.58  0.47  0.76
 1896  0.08 -0.14  0.47  0.53  1.69  0.91  1.17  1.93  1.69  1.60  1.43  1.63
 1897  1.43  1.11  1.21  0.64  0.77  0.13  0.31 -0.04 -0.06 -0.37  0.18 -0.63
 1898 -0.52 -0.58 -1.31 -0.92 -0.33  0.02 -0.65 -0.87 -0.44 -0.35 -0.31 -0.54
 1899 -0.93 -0.87 -0.91 -0.38  0.54  0.65  0.41  1.01  0.48  0.22 -0.12  1.03
 1900  1.16  1.14  1.89  1.43  0.98 -0.27  0.31  0.25  1.23  1.25  0.47  0.70
 1901  0.50  0.07 -0.28 -0.25 -0.07 -0.90 -0.77 -0.62  0.63  1.07  0.27  0.02
 1902 -0.96 -0.03 -0.60 -0.17 -0.24  0.69  1.24  1.40  1.91  1.20  0.95  0.97
 1903  1.20  1.12 -0.12 -0.40 -0.43  0.43 -0.50 -0.15 -0.69 -0.38 -0.34 -1.23
 1904 -0.95 -1.26 -0.92 -1.86 -0.71  0.55  1.19  0.46  0.11  0.60  0.98  0.41
 1905  0.86  1.36  2.06  1.47  1.93  1.38  1.82  1.21  1.40  1.06  1.33  1.38
 1906  0.68  0.85  0.82  0.78  0.68  0.46 -0.53 -0.89 -1.27 -0.89 -1.10 -0.35
 1907 -0.51 -0.13 -0.14 -0.08  0.02 -0.42 -0.25  0.01  0.22  0.06  0.18 -0.29
 1908  0.32 -0.39 -0.25 -0.75 -0.34  0.11 -1.01 -0.37 -1.03 -0.63 -0.47 -0.21
 1909  0.01 -0.33 -0.29  0.17 -0.19 -1.75 -1.15 -1.10 -0.51 -0.82 -1.12 -0.70
 1910 -0.71 -1.11 -1.02 -1.05 -1.12 -1.67 -1.50 -1.05 -1.47 -1.03 -1.10 -1.04
 1911 -0.39 -0.35 -0.63 -0.87 -0.40  0.04  0.57  0.43  0.65  0.73  0.86  0.67
 1912  1.32  1.42  0.97  1.42  0.68  0.20  0.12  0.15  0.35  0.38  0.05  0.26
 1913  0.10  0.43  0.14 -0.26  0.15  0.16  0.10  0.37  0.58  0.50  1.05  0.90
 1914  0.71  0.38 -0.09  1.52  0.77  1.06  1.05  1.52  1.25  0.50  0.40  0.32
 1915  1.66  0.69  1.36  1.03 -0.07  0.16 -0.94 -0.53 -0.40 -0.29  0.82 -0.51
 1916 -0.27 -0.10 -0.01 -0.44 -0.23 -0.47 -1.92 -1.76 -1.03 -0.96 -1.25 -1.53
 1917 -0.98 -1.22 -1.15 -1.11 -1.33 -0.75 -1.18 -1.44 -1.24 -0.67 -1.14 -1.41
 1918 -1.03 -1.30 -0.49 -1.14 -0.56  0.68  0.74  0.39  0.78  0.85  0.66  1.18
 1919  1.57  1.34  1.28  0.81  1.18  1.11  0.91  0.88  0.73  0.67  0.43  0.75
 1920  0.29  0.50  0.65 -0.01  0.16  0.22 -0.12 -0.09  0.07  0.63  0.08 -0.41
 1921 -0.26 -0.59 -1.39  0.10 -0.63 -1.46 -0.18  0.20 -0.23 -0.42 -0.90 -0.57
 1922 -0.59 -0.44 -0.10 -0.12  0.75 -0.44 -0.29 -0.42 -0.37 -0.40 -0.51 -0.77
 1923 -0.42 -0.64 -0.90 -0.67 -0.04  0.02  0.52  1.13  1.22  0.82  1.17  0.52
 1924  0.57  0.37  0.27  0.79 -1.19 -0.77 -0.99 -0.96 -0.84 -0.55 -1.04 -0.50
 1925 -0.74 -0.91 -0.95 -0.90 -0.04  0.20  1.19  1.07  0.94  1.21  1.02  1.29
 1926  1.10  1.56  1.52  1.22  0.99  0.98  0.72  0.54  0.00 -0.33 -0.16 -0.34
 1927 -0.14  0.12 -0.82 -0.41 -0.68 -0.33 -0.15  0.29  0.02  0.42  0.45 -0.16
 1928  0.76 -0.36 -0.69 -0.62  0.13  0.25  0.20 -0.56 -0.33 -0.42 -0.17 -0.51
 1929 -0.79 -0.91 -0.24 -0.25  0.59  0.19  0.06  0.17  0.34 -0.12 -0.33  0.14
 1930 -0.34 -0.11  0.23  0.56 -0.16  0.61  0.87  0.69  1.32  0.47  0.80  0.90
 1931  0.54  1.61  0.69  0.50 -0.19 -0.23  0.05  0.35 -0.35  0.35  0.07 -0.46
 1932 -0.28  0.06  0.49  1.33  0.33  0.34  0.78  0.49  0.51  0.34  0.30 -0.27
 1933  0.44 -0.23  0.02 -0.07 -0.59 -0.44 -0.54 -0.58 -0.51 -0.73 -0.78 -0.94
 1934 -0.73 -0.50 -0.59 -0.51  0.09 -0.58 -0.31  0.88  0.03 -0.32 -0.63  0.10
 1935 -0.41  0.17 -0.64 -0.32 -0.13 -0.12 -0.34  0.06 -0.12 -0.10  0.02  0.29
 1936  0.55  0.31  0.01 -0.69 -0.02 -0.09 -0.31  0.23 -0.07  0.29  0.76  0.40
 1937 -0.54  0.47  0.00  0.21 -0.35 -0.24  0.50 -0.22  0.20  0.14  0.38 -0.13
 1938 -0.40  0.02  0.21  0.03 -0.72 -1.36 -1.49 -1.14 -0.41 -1.08 -0.31 -1.01
 1939 -1.07 -0.91 -1.02 -0.56 -0.04  0.26 -0.01  0.10  0.85  0.52  0.67  0.57
 1940  0.68  1.10  1.39  1.11  1.12  1.41  1.03  1.51  1.03  1.04  0.77  2.33
 1941  1.24  1.61  1.55  1.68  1.65  1.51  1.69  1.58  0.95  1.67  1.18  1.19
 1942  1.01  0.57  0.52  0.77 -0.03 -0.63 -0.23 -0.82 -1.08 -1.10 -0.44 -1.24
 1943 -0.98 -1.18 -0.85 -1.01 -0.30  0.37 -0.04 -0.26 -0.31 -0.62 -0.34  0.32
 1944  0.22 -0.06 -0.30  0.38  0.24  0.32  0.63 -0.04 -0.22  0.36  0.26 -0.24
 1945 -0.34 -0.56 -1.05 -0.29 -0.28 -0.71 -0.51 -1.09 -0.84 -0.60  0.02 -0.51
 1946 -0.06 -0.29 -0.06  0.06  0.40  0.68  0.65 -0.07  0.70  0.66  0.06  0.41
 1947  0.51  0.20 -0.21  0.23  0.26  0.10 -0.60 -0.55 -1.13 -0.31 -0.72 -0.07
 1948  0.25  0.42  0.71  0.21  0.24  0.40  0.09  0.24  0.45 -0.64 -0.21  0.58
 1949  0.17  0.13 -0.55  0.15  0.42  0.00 -0.07  0.07 -0.42 -0.59 -0.29 -0.91
 1950 -0.75 -1.71 -1.43 -1.30 -1.24 -1.69 -1.70 -0.97 -0.95 -1.27 -1.12 -1.61
 1951 -1.14 -0.70 -0.23  0.32  0.70  0.19  1.32  1.00  1.10  1.14  0.91  0.83
 1952  0.63  0.56  0.07  0.70 -0.51 -0.75 -0.54 -0.13 -0.03 -0.07 -0.03  0.41
 1953  0.17  0.50  0.50  0.81  1.77  0.61  0.36  0.90  1.19  0.16  0.36  0.41
 1954  0.00  0.39  0.17 -0.32 -0.35 -0.44 -0.82 -1.18 -0.68 -0.57 -0.67 -0.95
 1955 -0.01 -1.14 -0.58 -0.41 -1.31 -1.51 -1.73 -1.28 -1.46 -1.64 -1.64 -1.15
 1956 -1.11 -1.15 -0.98 -0.95 -1.05 -1.07 -1.14 -1.06 -0.55 -1.30 -0.56 -0.69
 1957 -0.45  0.03  0.23  0.43  1.10  0.68  0.64  1.07  0.94  0.50  1.20  0.86
 1958  1.67  1.24  0.86  0.35  1.15  0.46  0.10 -0.13  0.04  0.26  0.36  0.59
 1959  0.67  1.06 -0.09  0.19  0.08  0.12  0.17  0.02 -0.26 -0.08 -0.50 -0.34
 1960  0.06 -0.03 -0.22 -0.19  0.06  0.07 -0.26 -0.23 -0.18  0.07 -0.47 -0.22
 1961  0.14 -0.28  0.95 -0.23  0.04  0.36 -0.17 -0.09 -0.30 -0.07 -0.41 -0.70
 1962 -0.84  0.10 -0.13 -0.29 -0.76 -0.22 -0.06 -0.20 -0.53 -0.62 -0.33 -0.15
 1963 -0.48 -0.30 -0.27 -0.15  0.08  0.63  0.82  0.87  0.82  1.19  0.86  1.21
 1964  0.66  0.39 -0.36 -1.00 -0.46 -0.92 -0.64 -1.14 -1.15 -1.17 -0.52 -0.27
 1965 -0.04 -0.22 -0.31  0.51  0.30  1.04  1.90  1.55  1.62  1.54  1.91  0.79
 1966  1.21  0.77  1.31  0.89  0.43  0.17  0.44 -0.14  0.18  0.14 -0.06  0.21
 1967 -0.91 -0.95 -0.56 -0.30  0.15 -0.24  0.01 -0.40 -0.50 -0.13  0.14  0.24
 1968 -0.48 -0.83 -0.27 -0.19 -0.82 -0.16  0.07  0.35  0.30  0.37  0.64  0.39
 1969  1.10  1.05  0.47  0.70  0.87  0.39  0.58  0.71  0.93  1.03  0.50  0.29
 1970  0.86  0.83  0.19  0.45  0.14 -0.50 -0.37 -0.82 -0.98 -0.72 -1.31 -1.36
 1971 -0.84 -1.51 -1.66 -1.69 -1.01 -0.67 -0.43 -1.11 -1.12 -1.27 -0.69 -0.47
 1972 -0.41 -0.47 -0.20  0.44  1.55  1.23  1.69  1.46  1.59  1.58  1.18  1.85
 1973  1.06  1.39  0.46  0.16 -0.46 -1.08 -1.05 -1.41 -1.46 -1.33 -2.45 -1.89
 1974 -1.97 -1.67 -1.82 -1.24 -1.19 -0.58 -0.94 -0.48 -0.69 -0.78 -0.26 -0.43
 1975  0.11 -0.43 -0.84 -0.96 -0.96 -1.59 -1.83 -1.77 -1.90 -1.65 -1.36 -1.74
 1976 -1.43 -1.24 -0.97 -0.36 -0.58  0.14  0.85  0.88  1.08  0.45  0.12  0.60
 1977  0.64 -0.01  0.78  0.32  0.72  1.19  1.22  0.85  0.86  1.19  1.33  1.18
 1978  0.62  1.63  0.40  0.10 -1.01 -0.44 -0.46 -0.49 -0.35  0.15  0.07  0.18
 1979  0.25 -0.26  0.32  0.47 -0.18 -0.07 -0.67  0.48  0.37  0.36  0.50  0.82
 1980  0.20  0.21  0.52  0.85  0.43  0.64  0.25 -0.13  0.26  0.11  0.31  0.33
 1981 -0.32 -0.04  0.81  0.17 -0.36 -0.48 -0.59 -0.30 -0.20  0.31 -0.15 -0.11
 1982 -0.36 -0.07  0.00  0.46  1.05  1.74  1.56  1.89  2.03  2.22  2.69  2.38
 1983  2.75  3.07  2.50  1.56  0.67  0.82  0.38  0.07 -0.67 -0.77 -0.53 -0.36
 1984 -0.37 -0.54  0.02 -0.56 -0.40 -0.29 -0.21 -0.32 -0.21 -0.20 -0.66 -0.62
 1985 -0.19 -0.95 -0.72 -1.08 -0.51 -0.11 -0.23 -0.64 -0.29 -0.01 -0.02 -0.21
 1986 -0.73  0.25 -0.29 -0.29  0.05 -0.32  0.19  0.58  0.76  0.30  1.34  1.31
 1987  0.99  1.41  1.70  1.83  1.96  2.09  2.10  1.86  1.67  1.14  0.74  0.90
 1988  0.53  0.54  0.18 -0.32 -1.32 -1.12 -1.61 -1.66 -1.71 -1.86 -2.05 -1.47
 1989 -1.56 -1.24 -1.13 -1.66 -1.27 -0.75 -0.65 -0.05 -0.40 -0.51  0.06  0.27
 1990  0.14  1.12  0.61  0.31 -0.29  0.12  0.03  0.46  0.55  0.17  0.40  0.40
 1991  0.11  0.22  0.64  0.85  1.36  0.93  0.71  0.82  1.02  1.28  0.99  1.82
 1992  2.11  1.50  2.22  2.04  1.20  1.18  0.69 -0.08 -0.02  0.75  0.36  0.41
 1993  0.58  0.74  0.81  1.71  1.20  1.39  0.93  0.92  0.64  0.95  0.24  0.11
 1994  0.16 -0.07  0.52  1.09  0.89  0.82  1.10  1.33  1.17  1.28  1.01  1.33
 1995  0.83  0.70  0.43  0.96  0.63  0.28  0.00 -0.21 -0.42 -0.26 -0.38  0.01
 1996 -0.66 -0.39 -0.51 -0.53 -0.49 -0.55 -0.27 -0.36 -0.44 -0.27 -0.03 -0.48
 1997 -0.31 -0.76  0.42  0.96  2.11  2.11  1.88  2.47  2.26  2.15  1.91  1.74
 1998  2.72  2.60  2.45  1.54  0.63 -0.96 -1.51 -1.45 -1.23 -1.27 -1.28 -1.51
 1999 -1.71 -1.23 -1.04 -1.22 -0.66 -0.83 -0.79 -0.95 -0.54 -1.03 -1.30 -1.49
 2000 -1.26 -1.75 -1.20 -1.01 -0.59 -0.28 -0.07 -0.45 -0.71 -0.90 -1.40 -0.78
 2001 -1.18 -1.62 -0.59 -0.09  0.66  0.14  0.57  0.78 -0.13  0.23 -0.65  0.73
 2002 -0.29 -0.64  0.64  0.47  1.46  1.13  1.30  1.90  1.39  1.38  1.40  1.94
 2003  0.93  1.47  1.07  0.40  0.27  0.58  0.13  0.25  0.36  0.53  0.61 -9.99
